1736199387173749350
1666777207678722505
1752285516780655616
1744234134905720134
1708670649709432569
1750186549470011479
1689725012866849102
1604352905480834568
1152237456170286254
1761772524377855112
1648321758009538423
1599349041845471562
1636928179008050756
687910127643364511
1525221099755980924
645152569766645867
1460219825148582411
1490578769435162573
1590940371074835410
1059942790937581240
1517439675337635727
603806063983794891
713402601504653499
1477682163003364475
1109440232872920934
1638574486851563377
1726873984153165293
666885138665249154
1617445552647757201
745433615303041244
1743231872149478098
1552885204407188592
1615552849892872515
767885606561664969
712840367672795465
1706259695026922147
1634807357524167079
1383750151051854382
1181855059292397884
1744081140836436862
1496051955592616479
1580642403855314415
1056517519472720149
1181318773609834080
1104994722020568683
1740604329313048214
1717930714996677754
1659199442511143262
1746982525478556972
1722692331737651761
1683537725595783876
1296323267447743099
1492196580711846071
1712900828642481597
1720138108504611108
1057101608950312270
1588115166452403432
1759833477541455330
1583345452107896104
1230324951136456177
1755943772111291945
1674998226720709673
1597196613729012693
45635528
1605164508620583150
1429577407034090909
1586742993187908970
1728176951141071521
1758931381893085322
1663841762152342510
1718784792931986375
1761740980744704103
1717181635676702896
1581133973255930364
1231174718439326929
1633240874186048152
1728869721466790515
966471058398659401
1470783312044988413
1751382619486456864
1633215713076496610
1740809097290593670
48022080
1701577433264212004
1270506664553594741
1283795286121661729
1423554069904991153
1607275185965171660
1306301333554809608
908294117307264365
1485951528596858342
1654388508868323871
1447002328666344699
1714260947343517225
1420864192684301848
1241205995374783197
1637156618981062822
36404855
1729912339510919676
51902851
1125658268577212078
1568572310596891074
53264916
1705254287567713360
1733289887959504574
1630957424137914845
1760217384151825617
562812599791919158
36269977
1731215775549705723
905855267206047100
1651536219986539311
1144671209039095991
650385395496900398
1587036152756005664
48021795
1383999023593474590
650860542655112428
1579683656774526064
48022025
827096900654528334
49163456
1635448170599403127
1565957845498763601
51414605
1755107663054771918
1159941736555616615
1433091739625564178
1196409705317769395
1116667709638558838
1347110094044389453
1487312002403506445
1312164646968436370
843075126330852634
1216903041263084722
1687326918339450198
1532513982792064809
946854411147171510
1239025611562954737
1725996440600519383
1406446307509490978
1430914662221526734
1571832401727954169
1380776225720546102
1357124976195043235
1353335583060193668
1694929258655298795
671512038900237128
1212131561897005555
1658103494591812676
1359572474649928454
1542499499268214115
1723826426029511509
880359860163819448
1330075139450245361
597338503827564221
1695703467794539290
1323071440795169301
1694797578037011523
1759987636740678000
1732417255815276105
1357774964003193199
1760061312820958604
1750720221954605695
1680564657519381326
1188348575428407514
1681079247788193737
1406396773105029701
1757700574854485203
1678888774043867823
1713926429414742255
1071567313267568151
1602257745096321969
1587955854126207526
1337557761124117744
1739106792387550241
1704966951407798686
1644903350783934466
782947001267486559
1646859280928353352
1565160091150914232
1497688665733663122
44058286
1586799616054584781
36416329
1655248532993565187
1688457675854274349
1096105162570078747
1724333672181985117
1672422274004335400
575973237976420623
1721061256957109392
1590642068064031980
1551474011345271527
783107906115048205
930971596802142453
744046427402326479
1660134477078967424
1484725474861567813
1727465244003600012
1681908484562098118
817786097780495350
1169332055339415625
1746997909768780695
1357134964099325825
1337333825384010319
1707090927576849202
1476666440721455174
1745836131112199295
1312977294346472478
1742840686532424793
1074019950787559303
1599496129080409851
1758256928736653374
1711595375046472423
1647957628663496698
44058825
932629009540413262
1291322018167921275
1673726543610885698
1461233250284644269
1337368704035900057
1713516230265689036
1655718040858159468
48552849
1153302587409288502
1730301604537747698
1728317188034717689
1375293960744346907
1463504425602028917
1337453225188401798
1080893683644754443
1181206846927246841
1571117522753291458
1624495457751963641
1045628931110831557
26105629
1208396656310181644
1360158901719335091
1731856157378371651
1169304737907074754
1737651630536028497
1742213300434009638
40319829
54000887
1284160882991755868
1645593357234197137
1078655656168872810
1558093168251320101
1424485507279619647
1701401909110444237
1730406157755976203
1655981548632656509
1169195036511327235
978851281937672551
1645161500494522756
41893758
947429802664877167
1097503766290914696
30688148
1151193775674109431
1567276607385380233
1532486063136776791
864911660468495690
991317593885594393
1746151858157868289
1326918290685676273
1560775246180419490
1732667448599980858
1696512020581356358
1584210508090066009
1169276121599042755
42731722
869914867346170997
997637759081768952
1623655975464881806
1641593858057217641
703173374579691449
1658690996909033768
1704212725146732254
1602248483458022943
1668688876879832848
47575185
909763450050788097
49693182
1608062904501360109
1586731733136748162
1716161173822397426
1696923097148360052
1757180478056063005
1738629609541722152
1420399710609321094
1282544782557272820
1745082574114486168
1746325391179942819
30896310
1177400960059617750
1361302213052712139
1211301417853134965
1315724948302455803
1147514173876075650
1510129544433402472
1558044914190882453
1122294153337968138
1335301962862541061
1758237051847221411
1519436649476430958
1059321826499904546
1541792609318710480
1676722599156920200
1654270266228160826
1320802140416196884
1746151058625013411
1685425170167145148
1485359426568125774
23209282
1549932073923107166
1733321691165082422
1289278120182835646
1501845936198106946
29608101
1356983420293561423
1401466222487477299
1564983729772129378
1579611149041869278
1440631597835256890
1390629989718144958
20812755
45498556
1730897234286834516
1286011237449629398
1722470739561201820
1569592573893927879
1701459061928030444
1746151592364504802
1633049592033435686
1292066973708913763
1652830584002430110
1393895949751841174
1746181484480599449
671454296123201186
1746211525709505640
1044596296795155031
1746211628811338441
1587496905050590384
1597854746393897988
1054255469046414206
1211467791215350349
1395546705114381714
671459713103338228
1011278170040464268
1586692652446914689
1444976361389370225
1147532424386873471
1743213740557195797
28407420
1717416049250636121
1560534783212691780
1286189606754612852
1252426483948164549
12691982
1289018862349107285
1176366577352628509
1756702375913549799
1141142053369089402
1685684894787230139
1386740147120546198
1505740104853792682
1187650795072203693
1639580295057055917
786167135653344645
801921084692571959
745586121330024247
1099526806909798364
1570112476752866818
1746150969882838289
1645774563969871568
857596085304916512
1179371114872566495
1181311843994969662
1578864424629879300
1404147346611865414
1131004518399902315
825856952459860379
1404833952470369884
1498498500496753178
1204215111494236072
1357142696540548482
1741380295595726849
1707391311856930374
669171853470037494
1558090440601135692
1542835153490553049
1059987660895027319
1702275641627862399
1417191160305818475
1739785714330314184
1683545898797655182
1704509275522303358
1674669780569806852
1541264529418681064
1532481279388561460
1169225089072611345
1728874729857292343
1646077069620824737
1444976648977279019
1498446049016517671
1295335842110602895
1201985043276844999
1588156808359653544
31936268
1115787637745165710
52069137
47267406
600483538041013381
1687778660744201850
1578988929410597311
857856174351604814
746927188395449883
1419475258994953009
20980206
48924795
1101164000475661704
1169329731352101288
1286011163271052110
1286063755529316703
1286651402764464245
810792174403722269
1733167311137235097
1411453934780744801
34224386
790309811171435898
1717386433751214389
889676978212972635
1708514856572211843
1731000899139704035
1531073716923637693
1748241540522070632
1062686855138120586
682246477649186954
1685219212326145359
1755239709547715023
1751269591217875385
1585639434232513300
1694046966156945827
1742617116159335072
1757230600029975589
1705545423543135835
1649319739332918215
1353468295329250722
1210022337849267539
1693376917762381044
1638836880825814398
1181679829080591065
1489054108652613323
1603439898679095327
1452896383429871465
1733303162587810395
1604294034158308504
1438923123532607487
624379815950831274
1196850376879313308
1296234499999783829
54116199
650891885359090778
1749439937957402542
1622185693675889819
1196870644408266770
1286062420083576886
1122190231075240776
1067007784454427464
1423751621072644413
1389666548840249381
1317276130802629610
1382276053149243652
54349715
1653737076138920874
1747816526111248119
1073945915661891901
816763088209391152
1422345933833313957
1349234030711524128
954142640333507774
1572418206656947397
1506231152942632536
1513432471619620598
1557362614806591566
1594917983994632487
1008511850840264680
1542508522660054211
1318685268660002092
575287438964150385
1359687606818264761
1260071768360212718
1565742020713628870
1696974787399836493
1374388720382089391
1525991369060730424
1616882126197521308
1500856572443233119
1529061113742926891
957930668365046736
1595396343228272749
1408768502287642993
1238456302491484470
1548503801007696628
1189523274722419965
1118848678362289019
53850681
1512094758258097598
1693216635478547486
1475358091690212040
1740712021743363404
811686926698046051
1031041046321695231
1437477809120788722
1640618400691098461
1502140133096822618
1143943622326932787
1752852833197441717
47232389
1721875835083686269
1128107790491909242
1731019902437503073
35436478
1760217039053150756
53034164
1757233422115156524
1658533941845754691
1691844960514546089
1723789590854938552
1291783158848350617
1354124369954539738
1752688017712085714
1738993939462688366
1663779204695406211
1573035689173735512
1732725555135743681
1267573535769667756
1615275524665369101
1733451850883744190
1757158066394383788
1733979929941472853
1640422677919023583
1761934255508482427
47843127
1728957623048877786
1318541315512631768
18848347
1483717063805177149
1520814520522919809
1749178011006023572
1731868896712013295
1669374958595075750
1756399087001026448
1728069183834946196
647245176791557684
1740385133826522785
1583096425504724742
1302098048399938439
45226034
54372302
1591932254209319152
1722008088600592558
1734555028603407981
41419973
1721114193284305198
1286635823916110864
1731113694567902233
710033258148067971
53818173
1286120604133504893
1564268277189963123
1286134737101720162
1754224578599661558
1428962620261450994
1026863454613062045
1556176193101382542
668604437302508002
1286114910854394882
1354383579369669482
868586587215004154
1555812833232389151
1623953526520744597
901905534145870256
1628363229164623161
1110788338817393178
1286117488227823081
820186597316013046
1525422617393369960
1185166824364333525
1561382661706415244
1138087548627991422
1286138851571784044
1494732754656527239
1288208088624564973
1625456540339949430
1138086439031145453
1181816072523772654
1286197044841296500
1138078608488283304
1138076010039903851
1758840056517048427
1717323749590420125
1138090348026022720
1286126493073686176
1744063103706401650
1436052602696477772
1286114737753256013
1286105613760354644
1730223928915970503
1234546180290983836
1286132020653536262
1752501785216793912
1228835734579363034
1719011636613077925
1550146687282320111
1286636140540502439
1557772889517052436
1135663022000257961
1286129436569188286
1379017295785896341
1286204189890211377
38656980
1286132190193180750
1371449038740874104
1470953931057197002
1651208221126957787
1648297696562784023
1286648536589446955
1285973147586501055
1683905943071653713
1657803703884668900
1631865023812678775
1742836534223255230
1760720666634530897
1059738729377899807
1658622208821583289
1306994803665473444
1286117446839645187
1598600799268168798
1286646346247666952
1286200226857286382
1639105369122900503
1366506823418429000
1685547456951763118
1283051799102141261
1354393938729625009
695305408184805582
1513498841381747016
897663468316980665
1684195211125014878
1735346206213086587
1678255838677363302
906420881066158827
1243581586344115007
1225405067729347208
1286644225081719282
1584638528424995851
1049125330326718667
1444976576422015904
1442550552506862235
1586748416229103348
1286126799347729246
1286203847940201594
1656477242493541046
12894918
1309113948152741832
1603387571584621609
957713163295011519
13772842
1679871623307904154
1713173770537330287
1709968148114595460
1559368940208754859
1595404945571336634
35282852
726049116003034033
1713264672244734224
1215887658643631611
1567247324596215702
1546022201600550902
1612382184636559334
1337706960483445674
1277908150334580972
1737062473366118425
1085270204378785601
1563673489351700501
1637896275704400150
1473200853156126236
1599263313637060761
53392956
1330747195471577544
1721605677477879947
745529410365163070
1626106657001454380
1679038966137929976
830804838381027126
1678947833144601720
1654347935448468728
1648543090218506394
1641483612440806435
33188286
1329525181484833943
1688943753915803967
31506379
1681193827024776556
7294167
1741242560967290805
1697908488448392826
1397685000105396171
1689250438447196867
42525669
802137694559195386
951181519520421822
1741246627628113779
1581796749077826565
1496345240592179992
1197117997513483948
1681700688269208979
1683510061770610958
1286134916310519158
1724744810800453419
1616399946640404188
1276108021218560377
1425748621577467575
1446897631481331541
1197091409544397886
1709407815200628814
1683919948047498099
1693547536483468216
1750010401173372072
1344106534844651299
904931640723690847
1111290011788671802
1750919320168530800
1660930119166979481
1662148046105675639
50836004
42731002
1702274164307537997
1539809971754833521
1644354194269873567
1595391140238128373
1480970104177060565
1743498344443277532
1362931956085181900
1589055626414223291
1595378765714433100
1623880305721511551
1333230044130866908
1406870164734848945
1059735166443005675
1147922781741713741
1756405887007245269
971397125641262750
1655437093001849972
47755185
1060703699197538954
36405326
1202885625090980243
1203430334250309421
1734907635703724345
1707175057683626849
1329750043404590568
1614484710500180258
1446935427634114294
1497761320271736986
1308565052003341691
1330095751914256542
1673855983689811176
1615698941484446121
1421100588941626341
1661394275988469800
1202190764013843692
1442688636662084490
54377530
1556452849568840070
1655045473760504966
1736734465704222683
1664453459500094636
1740387264345061233
1454064709952128371
1669532583900007707
1682506676445031395
1562261373057724668
1581872219690760573
1618772148738441130
1363533196995959205
1341972031440237478
1302295752720181328
1623473176951770622
1031703571236058714
1430169975915194570
1648538020664926430
1312251441971053020
1476550693864840847
1641145631871572249
651012957166490049
1693342065438776104
1704197245761483374
1171051642080054888
1314245376388544725
1281737942165029866
1701840605445074178
1633829863646326230
1494077027753312117
1759100130030488576
1237719907826143329
1557116379365025402
1553055261858811520
1346425649850918462
1659546927222805585
1751065774335239902
1626171111889331290
1610577159430166473
852756021654262430
1643568314461082770
26135589
1476736515645159314
1742155490408465952
1644889132147707354
1683948028087745142
1667390697638908802
1601122599103619022
1750554546088140660
11690148
1565240980111064787
1285504618333912612
1537507522765400599
1367250684863716012
1292609441648378468
1709924336400807682
1724341684679080725
1697660541295460888
1442738469723212295
1660074958141256084
1444976619626079909
1312982948345075503
1309247606226954102
1727293180482652129
1742817199012229606
1705813746205532212
1733348177550332883
1497497091345759097
602711461461604567
1699270739428962919
1742838996252688854
1603726264719793527
1705520256944625563
1153391124393715945
1125163180395237039
1735516229937105727
1691342753351563426
1756266896290757391
1747457555659867828
1719630658943469185
1192818446068738293
48405498
1648509829223550642
54088256
1328365523498851409
1753049332768114783
1599910120793794604
1747751493808520264
1741908918580085057
1455319323165918724
1690385130360388010
1747728379006211471
1549919612041040376
1752514896677979212
1357706166066555870
883799493752280000
1700598987496630746
1751647835940856468
1491257387013632790
1530878170529737512
1491618073389891856
53947694
1688303222413383025
1286199923598304944
1285973229879786714
794701409710005276
1501982956185527237
1286189484801078747
1576616660803709392
1143196753461776085
1654946867381493396
1286068511265642385
1138091615841521811
54117665
1285465253541089573
1430779245697363160
1499058252565540983
1306951348943847444
1286120666179018931
819401209362290624
885477433542665502
1717173152323258613
1611691691961704394
1306358136579776603
1468656409782033767
1606384992267423060
1467186211975260275
1286646287510458777
1285434807716310262
1286122920142292365
1683215237644597387
1751551148374387492
1286648719462838421
1312403759218926605
1625411011291198489
1010556611718903997
1453064900850507424
1331720796111494427
1286147491727224256
630400889097631362
1502114263829404777
1092652862387110022
1750922105979888970
1286147050005875527
1575059423166839050
1679456978609913520
1282561102752941825
1755190570522710714
1286653022929411147
1687331725911562053
1286071339794932439
1675837493863265976
1286178152619658264
1289197062956888841
1286071177714675642
1638633898074398955
37733704
54375659
1655550245438087086
1252611552411781254
1620135048674496076
52499990
1579547872291480060
1301906414082811624
1622479560491181339
1286658789878725391
1657838943788839990
1286652941440326014
40048910
1286192654524820330
1707764801263012174
1286192399200943576
1720471754354401020
1713052636097686946
1285996989638561795
1716012881445204842
1286074297797407008
1286180235056907147
1399707310071621847
1326733689301459553
1147525214159033739
1573788281448364018
1138080252583829201
1715832264836155108
1522450621384948572
1734203197281680785
1645764505252189733
691346277776716539
1318770630194973844
1576852473975909500
1591172108415234162
945578604044622842
1617914430022100826
1322096394232646716
38741664
1721750906462212345
1761171524517657450
1533195944935255267
1719420033361293517
1005448763723492029
1740646865369117927
1158462465281324113
1286068261771401770
783320101202511256
1286196910768231773
1286191852109535226
1286180327929636335
1752493737514491824
30123201
1742837955850390133
1551868092474458357
1213582309472982867
1525907494131249072
1751585389033552951
1282545917915287571
1733347292862174382
1645505997380131655
1745795866849861272
1599499391679538167
1468669540693648379
1631895635709057677
1715348716824764930
1694310432939334698
1606432292345851302
1673100072897911255
682294211626659863
1743591012205585844
1108319100103756183
1616578441817618663
1232487792925337593
49892645
42731382
1438477509051065313
1286123062061916136
1547278038564714325
1709599972678118286
1286644123153337021
572996860292237114
1505824788424837188
1286138779737837587
1268024090146891313
1515409624317958599
1744251826914795035
1560183941594675077
1642696447961580475
1683977017534515677
1189114468960011069
867900706394237578
1347928557182345388
1759865995673688446
1643462906779646045
1500027499672574877
1323310645644986192
1744211416495433443
1740521550816478661
1752059669642242214
1646277942341901709
1368815355521335899
1282587926108552919
1420863287529457526
1585249832439770093
1433086710804070458
1324522099956525053
1760216055706619048
1664284116340798447
1691091138758736482
1110180436298782223
1717903522429234280
1387894221622394285
1683412883344549592
1728302323878662423
1512184376386693922
1387875286257992902
834471990870950790
1401526327151864884
1500711159567785200
38634288
1730951360830523090
1752266634875919421
1568079610888651461
1698464538546881613
1741459991633742564
1566491890846909461
1740439370624398538
1720393211986036819
897609509867590491
1709330673679566735
902106822585307514
1146138507746840324
1718074956181479706
1447019852455726531
1734799220574968981
1088377889156643680
883009833123484056
1234141005322071384
984637742336522772
1679542995610727543
1668120774498183172
1253555796349357970
42318279
1760151824228094203
1594169572332264032
1594116013362700882
1407684941344139964
939015950691612747
1738265840929690101
1597803806890372683
1299136004700399341
50013621
709079273495309269
1286006891991809800
781284330960922174
1520118932590343809
1728165529927307664
1742159000275313524
1703579540578535475
1519450243773505128
1475442623793610352
1286074413831724983
745269428811455795
1054727122981712238
1721164345160396095
1419551101063286178
1576810422689731901
1749031413403551978
1648444829312476785
1500829840053766113
667095155159383069
1285378901295287283
771323794830566376
1560613983787686058
1104343114807328364
1594979557929914233
1233115243646874886
1314535991001940396
1497035835311646593
1707196234267516876
1744903807508858027
1285992035784602207
847709383077834266
1242695006250430878
992812943909461700
1758771655741123814
1140284984494961123
1728083684130278245
1603552564657149021
1656405885911560629
1584836063216960228
1187483859171599649
1500832771321139571
910519341729507497
30911645
1594871305424725346
1181820222986566507
1636220411199948087
695605909385576091
1492298144911754261
1357213476676639785
53818732
1586254455435335590
1357199117193559585
1610978638069043070
1751299410567844941
1699843335117181176
1165196160322730199
1756719484921444454
1591826858026420333
1268040513894984036
1680865349717825087
1223571953511682790
1281194277627856178
1502713142239893807
1352103534159141729
1342465924790711484
1612188488949543027
1246825950326692569
1606319170785845478
1138064726576452891
1382247255249574255
48576743
1701296388937158827
1554094513084832201
1721004335477262921
1194704621073403134
1743334263260817240
1354983105450386542
730203720487306528
1583870194567312159
1017968627214054194
1182437072882295266
1532394099099571555
637253418317421280
1681634211213475535
1517902831189973772
595438301264518892
1681622209637686942
1138082952091486199
1200397820158553110
1681644954318855951
1697579131315028721
1190575588458878496
1547740036515188862
1092143929085731683
830884074404836740
715049164867172792
1628391342297386527
1691355673127903039
1289900083022176297
1665028481737987602
1752183074272719300
42146097
1684909377109569113
1757352958204919524
1761717490512594447
1176004947628776500
1453763394256804533
1752958232392730229
1578392710151294813
1356272234128121402
1455868655530895221
1751882965261454575
1456366802848759632
1722474780707650928
1568212739777933236
1631784250386710853
1748664295654507259
1397652558450470226
1752153674597047487
1609408752164492687
1725923555687561916
1480139523388615349
1596444197961334600
991276420023697499
1683244451849189890
555427766239221343
902950340104689480
1758000300163528613
1622456868463962807
961371349896507501
1482731963331782725
1613877305674879928
1757190622176948907
1703422381787634158
1286129288821211168
1590684990138365606
1121013060130121836
1761619385106902015
1761575713515327574
1722959880791855272
1610983426066050793
1572518175014388699
1213065752008104969
1758940648138889453
1640310552850857367
1750760421728742604
1144764660097920215
1701602279199951043
663534117099698893
1501604505651858412
1671605792256414752
1649224628912055192
1183013150774327257
939822329782316094
1573288096791590745
1738423886674332752
1586236133995459853
1743010693059496833
1686185806689591269
1532454592597663014
1100486718038163817
1663741587241964996
1481506905912725671